<html>
<head><meta charset="utf-8" /></head>
<body>
    <div>                        <script type="text/javascript">window.PlotlyConfig = {MathJaxConfig: 'local'};</script>
        <script charset="utf-8" src="https://cdn.plot.ly/plotly-2.26.0.min.js"></script>                <div id="3091945f-9b4d-46e5-b2a9-ca3eec99992f" class="plotly-graph-div" style="height:100%; width:100%;"></div>            <script type="text/javascript">                                    window.PLOTLYENV=window.PLOTLYENV || {};                                    if (document.getElementById("3091945f-9b4d-46e5-b2a9-ca3eec99992f")) {                    Plotly.newPlot(                        "3091945f-9b4d-46e5-b2a9-ca3eec99992f",                        [{"coloraxis":"coloraxis","name":"0","texttemplate":"%{z}","x":["OBS","YEAR","MONTH","ANOMALY.LEVEL","OUTAGE.DURATION","DEMAND.LOSS.MW","CUSTOMERS.AFFECTED","RES.PRICE","COM.PRICE","IND.PRICE","TOTAL.PRICE","RES.SALES","COM.SALES","IND.SALES","TOTAL.SALES","RES.PERCEN","COM.PERCEN","IND.PERCEN","RES.CUSTOMERS","COM.CUSTOMERS","IND.CUSTOMERS","TOTAL.CUSTOMERS","RES.CUST.PCT","COM.CUST.PCT","IND.CUST.PCT","PC.REALGSP.STATE","PC.REALGSP.USA","PC.REALGSP.REL","PC.REALGSP.CHANGE","UTIL.REALGSP","TOTAL.REALGSP","UTIL.CONTRI","PI.UTIL.OFUSA","POPULATION","POPPCT_URBAN","POPPCT_UC","POPDEN_URBAN","POPDEN_UC","POPDEN_RURAL","AREAPCT_URBAN","AREAPCT_UC","PCT_LAND","PCT_WATER_TOT","PCT_WATER_INLAND"],"y":["OBS","YEAR","MONTH","ANOMALY.LEVEL","OUTAGE.DURATION","DEMAND.LOSS.MW","CUSTOMERS.AFFECTED","RES.PRICE","COM.PRICE","IND.PRICE","TOTAL.PRICE","RES.SALES","COM.SALES","IND.SALES","TOTAL.SALES","RES.PERCEN","COM.PERCEN","IND.PERCEN","RES.CUSTOMERS","COM.CUSTOMERS","IND.CUSTOMERS","TOTAL.CUSTOMERS","RES.CUST.PCT","COM.CUST.PCT","IND.CUST.PCT","PC.REALGSP.STATE","PC.REALGSP.USA","PC.REALGSP.REL","PC.REALGSP.CHANGE","UTIL.REALGSP","TOTAL.REALGSP","UTIL.CONTRI","PI.UTIL.OFUSA","POPULATION","POPPCT_URBAN","POPPCT_UC","POPDEN_URBAN","POPDEN_UC","POPDEN_RURAL","AREAPCT_URBAN","AREAPCT_UC","PCT_LAND","PCT_WATER_TOT","PCT_WATER_INLAND"],"z":[[1.0,-0.06265765447397086,0.03428662773588851,0.022135752775981943,-0.10451424001957167,0.0041360345565139445,-0.02357950370642182,0.2931154981269401,0.34063155566394215,0.404931368258447,0.36264386089282985,-0.13901342912334602,0.007736544528602192,-0.35795875205150135,-0.1422131242541558,0.0447479233514061,0.3011575743392553,-0.29541946391349594,0.07778566300426036,0.08086017373766322,0.009674268791366548,0.07773550305710068,-0.2627943053397403,0.2383232672963354,0.15783377152290123,0.12963567201548623,-0.04588966123435281,0.1347982606894417,-0.03051867977358328,0.021392451002866682,0.1529738487381476,-0.06907466455520009,0.04723892273875725,0.11656187097700772,0.05851149298974106,0.017763823262383866,0.2362831692144688,0.22039264807048242,-0.02996608724365035,0.08812515593037042,-0.037858623252504005,0.21444282013625082,-0.21442871343526942,0.10892898224288122],[-0.06265765447397086,1.0,-0.14532799372411564,0.15213189718674802,-0.14404718344892078,-0.04846993601754791,-0.20310622432119535,0.28530463138344886,0.1780943908277283,0.10712584718537088,0.20397956648540377,-0.14698486399814703,-0.12318474389710526,-0.14224315324261252,-0.1501307311248722,-0.011216215739273656,0.0647255751972262,-0.01653707410633895,-0.12467276833773203,-0.12889312854330873,-0.01774822392953027,-0.1253846404513399,-0.023288403661519762,0.05071468773890075,0.0737472440474637,0.10017929777234266,0.7073019196655127,0.026905348701714786,-0.00840126493599496,-0.14479136674373266,-0.0668569980682565,-0.27527026121689785,-0.13716276241961922,-0.10870711257853735,-0.05917453695804189,0.13315668710867504,-0.04942342274544366,-0.0350081254492879,0.006745920484900322,0.0028623423774252325,0.05091358979044048,0.08310334591054068,-0.08310786616783974,-0.06531696372888786],[0.03428662773588851,-0.14532799372411564,1.0,0.12268716827104237,0.01964911177844397,0.01924243472050709,0.04426487534195301,0.04072633953668102,0.029511595860866876,0.03857205841705945,0.03253432304732562,0.03506964707359799,0.07022850486483456,0.023127785324962794,0.04801494657985157,-0.11860577610570486,0.06618165862530188,0.022011881905199055,0.03519102411444058,0.03003771665286162,0.012244129837041475,0.03436529834592091,0.02677176468843487,-0.04125705496262904,0.03492577697685101,-0.010583553774151069,-0.09318987234548833,-4.540069834251353e-05,0.03705507307394414,0.03723543583479944,0.03347150834302366,0.041393306307079145,0.039173774852040016,0.03415062537801695,0.028650488978677308,-0.026817081677693682,0.02890029352851318,0.06676126132186358,-0.02650353060996442,-0.024164736872161995,-0.038223480648857604,-0.05670950315277311,0.05670569325012178,-0.004791907658137789],[0.022135752775981943,0.15213189718674802,0.12268716827104237,1.0,0.008909995469845004,0.060533742038952225,0.012767625830819373,-0.00212313795240427,-0.021202363363499482,-0.045939426242934255,-0.01908744158987528,0.031006904568647253,0.04189465477228476,0.013192302807328896,0.03226135805581461,-0.011097335244389302,0.033715002227184515,-0.018063330245779257,0.04641659537299934,0.03930384601742012,0.10568317305406952,0.046141020957562874,-0.030622736498408788,0.0071405859361138874,0.08346092881841616,-0.006152605180836692,0.30831921909728927,-0.03781407309411848,0.1425358740431251,0.029622403995060803,0.0600002295815987,-0.09509612010964807,0.03969433159156033,0.04854718627304327,0.04243298437021127,0.015402729387605141,0.016083590310897112,0.05225602535155786,-0.07714165305794747,-0.054828206305517296,-0.049913692656907094,0.03272964542540741,-0.03273086060218596,-0.0383501242386236],[-0.10451424001957167,-0.14404718344892078,0.01964911177844397,0.008909995469845004,1.0,0.026798341027869228,0.2619155954835704,0.004394298077075452,-0.001193342667203819,-0.04032239798613566,0.0017224809873797814,0.031039641339457073,0.017281287634754238,0.015266187695540556,0.023617313272124223,0.009511137795814611,0.009131639251091651,-0.01789180011609105,0.01432827055558246,0.014989523523655313,-0.030033823448697976,0.014024880905177072,0.0453343746574679,-0.026576581443353918,-0.06947009381688088,-0.006354513639654099,-0.07088504270388256,1.6907083693119844e-05,-0.008839823975055722,0.029253366436888716,0.0015953294081090103,0.10276836879206545,0.027143983571435513,0.0036547758378342034,-0.00511602406313628,-0.04992734722805254,0.022115139906302147,-0.002204758519772261,0.03842223999107711,0.02504016300575353,-0.02593957900001348,-0.12161427052610799,0.12160511131334946,0.03038900181568741],[0.0041360345565139445,-0.04846993601754791,0.01924243472050709,0.060533742038952225,0.026798341027869228,1.0,0.5237459577723752,0.016727171337135912,0.06098806828193572,0.03491687340211086,0.04699674855870102,0.07340931948773029,0.07541202138627405,0.03777975954815956,0.07057650337492268,0.03105349703386089,0.04889069598323864,-0.061437672420373686,0.06851496574227363,0.06068224860468663,0.0777322396914762,0.06773896071828353,0.026473310393773458,-0.022510146223200096,-0.01515580623136087,0.014909826688845985,-0.034805832382538225,0.020223172076897965,0.047097713206267475,0.059039569820658125,0.06692759222433162,-0.006251459014719191,0.06791106886303908,0.06595849032054085,0.05179487368646895,-0.07613144936848547,0.051451311292239066,0.01284686255759897,0.01914894630926942,0.03576933484299773,-0.018441295159584238,-0.037731730778834224,0.03773424101471204,0.021428755856683454],[-0.02357950370642182,-0.20310622432119535,0.04426487534195301,0.012767625830819373,0.2619155954835704,0.5237459577723752,1.0,-0.020290429205329048,-0.011284832129738789,-0.00809932473864338,-0.005548108830283105,0.17678627666846997,0.16981471656656552,0.1271016702428666,0.1747193755910408,0.04602137873541681,0.035103838586985896,-0.07074901533252492,0.16711799046387296,0.16418022417549105,0.11857764383786143,0.16700685457545728,0.01594220652054389,-0.024567311716408677,-0.019882925078594266,0.007285743199650984,-0.11838938227759495,0.01921171483717964,0.0252305061416457,0.17435776213976314,0.1399119310289057,0.07075868245882735,0.16564815178121786,0.15464250584719,0.11362917369270115,-0.11791561035577285,0.09387833495555035,0.06050753895468301,-0.05240910970167958,0.007170969098901414,-0.06662336249148723,-0.00953009652830377,0.009526713048935598,0.020320688624773965],[0.2931154981269401,0.28530463138344886,0.04072633953668102,-0.00212313795240427,0.004394298077075452,0.016727171337135912,-0.020290429205329048,1.0,0.9270872416170155,0.813128794030589,0.9648189048718835,0.06671172188012314,0.28549169744013786,-0.06061475000841206,0.12927415591992483,-0.16875049732846378,0.609443016450496,-0.42496716667431594,0.3348320435056227,0.3372173406105255,0.1828423889119901,0.3342826631188916,0.04879806645553328,0.05641631647160448,-0.2552412582643769,0.31599456922803487,0.20193392491457018,0.2955494585687316,-0.05191803485344271,0.357009684170967,0.41861590583508723,-0.07315175923895773,0.3909087835883619,0.36551993795501475,0.28021279776650615,-0.33275226497003657,0.4161696374516598,0.27106029039472296,0.24210621088186218,0.2593283957883493,0.1515209136863832,-0.19077535583065464,0.1907805909465346,0.014160030726097941],[0.34063155566394215,0.1780943908277283,0.029511595860866876,-0.021202363363499482,-0.001193342667203819,0.06098806828193572,-0.011284832129738789,0.9270872416170155,1.0,0.8637043361451661,0.9779133493506925,0.061382571843914394,0.29919843210707076,-0.08964133614077834,0.12577058750950537,-0.1466882318360046,0.6096813488328326,-0.4415241855477418,0.36698938415182203,0.36774454081468116,0.20358602671392573,0.3662808076933687,0.01793682969671061,0.0821905922117339,-0.2352949472712875,0.343311541663856,0.15312224519934345,0.32802882673512257,-0.04504053093230623,0.3556410270894743,0.4607661321917268,-0.16839019493219204,0.39835421282586736,0.4051251963442199,0.3237082310430232,-0.3640911253971506,0.4920722030850895,0.3302388489648619,0.20013993514677078,0.27919639230524435,0.0919998411347383,-0.15414039924746492,0.15413942317504747,0.0332388872951037],[0.404931368258447,0.10712584718537088,0.03857205841705945,-0.045939426242934255,-0.04032239798613566,0.03491687340211086,-0.00809932473864338,0.813128794030589,0.8637043361451661,1.0,0.8881854238862702,0.08644268911920686,0.27123004725388766,-0.061807232422722354,0.12927265639493962,-0.02901399826513854,0.4938344304491117,-0.40282774620845746,0.34429623784673685,0.3351951020259498,0.26643834745302497,0.3430904952287271,0.044296339392309876,0.01851330268377773,-0.1481424894593206,0.22897182911444394,0.12424956500217421,0.2163406784775364,-0.06854024539271633,0.3156028054833078,0.40668572117192875,-0.08850836623722245,0.3588906114657386,0.37605689110252166,0.30275618481664496,-0.3496320528991499,0.32930058234523363,0.25818203931913003,0.25920551265377834,0.3263469281969333,0.15204479314342337,-0.16443236524395224,0.164421882344596,0.06492277034709797],[0.36264386089282985,0.20397956648540377,0.03253432304732562,-0.01908744158987528,0.0017224809873797814,0.04699674855870102,-0.005548108830283105,0.9648189048718835,0.9779133493506925,0.8881854238862702,1.0,0.0976748845129102,0.31742161157938087,-0.10198707295201541,0.14392524988574185,-0.06200182893362898,0.6607552673594375,-0.5373783290287263,0.36818643069900203,0.3698406881323806,0.2011868580471032,0.36750934719304784,0.04916301160396664,0.05630281816151808,-0.25767379519848654,0.3562151219261248,0.16595989040291315,0.3395019865988027,-0.05485773087750584,0.3698468582503357,0.4553409509034937,-0.12971589482562018,0.4039055589956397,0.4016697447885485,0.3374326010702296,-0.4047064730628237,0.47276182353870416,0.28172901109382137,0.2544928161491055,0.32269690470747897,0.13642851274216006,-0.178898431801781,0.1788974018238064,0.0830939672160812],[-0.13901342912334602,-0.14698486399814703,0.03506964707359799,0.031006904568647253,0.031039641339457073,0.07340931948773029,0.17678627666846997,0.06671172188012314,0.061382571843914394,0.08644268911920686,0.0976748845129102,1.0,0.9046695092543022,0.7934368556223347,0.9689575180033271,0.2598647512520038,0.08604452151256727,-0.23724200067662185,0.7872183640208231,0.8016801437222284,0.726171446024671,0.7903328430522955,-0.10178524375093351,0.08729716306995203,0.07407508253099855,-0.02805118922191963,-0.04657541629251307,-0.02516928118722992,0.11844913910978144,0.8178269793652069,0.7011561237232183,0.09391385262730736,0.7655713736450882,0.7460346212534059,0.38088334222117276,-0.3518991684903802,0.2480693809919852,0.2598444151515489,-0.29671597878277345,-0.1737925059885997,-0.2272209728772577,0.19541505025189218,-0.19541273701991832,-0.06841515052351083],[0.007736544528602192,-0.12318474389710526,0.07022850486483456,0.04189465477228476,0.017281287634754238,0.07541202138627405,0.16981471656656552,0.28549169744013786,0.29919843210707076,0.27123004725388766,0.31742161157938087,0.9046695092543022,1.0,0.7391742336383921,0.9576955277636723,0.009244032697742492,0.35728716545737504,-0.31654709251723595,0.953748333130239,0.9601181841849958,0.8009749921652348,0.9554091203624416,-0.07310801374232657,0.07156759548631644,0.0341477285608015,0.09126372407279154,-0.00748381157804389,0.09027088165550008,0.10205672420662898,0.9627907642301049,0.9197734548351167,-0.03780027627637267,0.9406286333536514,0.9386555359527261,0.5287592635583857,-0.46208601031043994,0.5043002789695057,0.5081678768607464,-0.33954846696295027,-0.16082623378375963,-0.26506931492227126,0.1797530237626096,-0.1797566290219654,-0.14625751625240882],[-0.35795875205150135,-0.14224315324261252,0.023127785324962794,0.013192302807328896,0.015266187695540556,0.03777975954815956,0.1271016702428666,-0.06061475000841206,-0.08964133614077834,-0.061807232422722354,-0.10198707295201541,0.7934368556223347,0.7391742336383921,1.0,0.8736185765319825,-0.14666792905035397,-0.1889034271435755,0.25619629905882774,0.6638403843710238,0.6775156255456927,0.764845850866279,0.6682153551605425,-0.12380572885044111,0.05668653158521656,0.20341226770323348,-0.08914781505644122,-0.0568368203746243,-0.08500359894403037,0.12562888644810213,0.7368712509259131,0.5871124099607283,0.19280207200660124,0.7170202275953425,0.6339792166299366,0.209690947306073,-0.13078952358703316,0.1164271553594769,0.3116051222038812,-0.33663713376694815,-0.2788221135769981,-0.2345750259356873,0.26235084756979077,-0.2623427858944827,-0.33671701493652834],[-0.1422131242541558,-0.1501307311248722,0.04801494657985157,0.03226135805581461,0.023617313272124223,0.07057650337492268,0.1747193755910408,0.12927415591992483,0.12577058750950537,0.12927265639493962,0.14392524988574185,0.9689575180033271,0.9576955277636723,0.8736185765319825,1.0,0.06609043268058253,0.13347022088875696,-0.1585263741072874,0.8740736699931316,0.8857309251049279,0.8111574485637264,0.8771015904415236,-0.10176822072974787,0.07754682041729626,0.0938778639384962,0.004600655225620626,-0.04193348199369348,0.007003843642139482,0.12075864704116801,0.9090304091935836,0.8067961847061043,0.07170887258516677,0.8744315173375153,0.8442237179780834,0.4229865786516376,-0.36398106426019594,0.3379926549229869,0.39369390706564483,-0.3427627237001348,-0.20606878457739736,-0.2588745895666759,0.21879233555703936,-0.21879077857106355,-0.1740779668602765],[0.0447479233514061,-0.011216215739273656,-0.11860577610570486,-0.011097335244389302,0.009511137795814611,0.03105349703386089,0.04602137873541681,-0.16875049732846378,-0.1466882318360046,-0.02901399826513854,-0.06200182893362898,0.2598647512520038,0.009244032697742492,-0.14666792905035397,0.06609043268058253,1.0,-0.1464194315060601,-0.49619269142571787,-0.0922538774520165,-0.08282884186666986,-0.11377964457260022,-0.09166820149175815,0.05844402061564155,-0.017824441101804738,-0.11597967767798506,-0.2266294888641784,0.002623489762947423,-0.22892888441716183,0.03929749237703965,-0.11546903916256379,-0.15324109223099983,0.03840841487807905,-0.1782744240200986,-0.1281742891155238,-0.08158964489711516,-0.1181016940187127,-0.3347194210249646,-0.41725895370622446,0.220981928001484,0.008740723419096702,0.1742946810414643,-0.010003895989402184,0.01000983982085477,0.3098418157088375],[0.3011575743392553,0.0647255751972262,0.06618165862530188,0.033715002227184515,0.009131639251091651,0.04889069598323864,0.035103838586985896,0.609443016450496,0.6096813488328326,0.4938344304491117,0.6607552673594375,0.08604452151256727,0.35728716545737504,-0.1889034271435755,0.13347022088875696,-0.1464194315060601,1.0,-0.7815044255576435,0.38445319023148317,0.3800701851220766,0.133202263444047,0.3823818975225052,0.18449105438084906,-0.08273823061477376,-0.3124656477082674,0.601463429856951,0.08419338431896767,0.5950649915735053,-0.06400815738020245,0.3815483417037079,0.46303846474579896,-0.27141747570645863,0.389735745683538,0.4136228653215569,0.5525338961021786,-0.5833587168195841,0.7282421254098935,0.3218170681100432,0.11692150920177136,0.463216084143239,-0.03361071798636552,-0.1546187427982891,0.1545953373690606,0.23288909278002776],[-0.29541946391349594,-0.01653707410633895,0.022011881905199055,-0.018063330245779257,-0.01789180011609105,-0.061437672420373686,-0.07074901533252492,-0.42496716667431594,-0.4415241855477418,-0.40282774620845746,-0.5373783290287263,-0.23724200067662185,-0.31654709251723595,0.25619629905882774,-0.1585263741072874,-0.49619269142571787,-0.7815044255576435,1.0,-0.27875405133625475,-0.2803112836126114,-0.03740725324583387,-0.27731599809820545,-0.20094869265607068,0.09132828119645639,0.3552305258225121,-0.39204770923938836,-0.0371719236657301,-0.3888754158152307,0.02875407789703102,-0.2657834465082438,-0.31015138943400183,0.2020712310711301,-0.23308136890288922,-0.2823367009171934,-0.437810222014543,0.5938543451350513,-0.43931540127870466,-0.007388874580990225,-0.24157247640617985,-0.4173498325663659,-0.07830909919958375,0.1365247268808998,-0.13650846178998588,-0.4011641652322437],[0.07778566300426036,-0.12467276833773203,0.03519102411444058,0.04641659537299934,0.01432827055558246,0.06851496574227363,0.16711799046387296,0.3348320435056227,0.36698938415182203,0.34429623784673685,0.36818643069900203,0.7872183640208231,0.953748333130239,0.6638403843710238,0.8740736699931316,-0.0922538774520165,0.38445319023148317,-0.27875405133625475,1.0,0.9929842034585231,0.8068699621707779,0.9998728225436666,-0.026211861495820485,0.024154876665490994,0.013160956152250294,0.08393374425060816,-0.019169744750458878,0.08387731776444855,0.09009889886395403,0.9615844672679122,0.9789556216501715,-0.11506482340674566,0.962731101713206,0.9950317421435727,0.5618518175129261,-0.4890756533796666,0.5752442853579719,0.6174596006136718,-0.3446757500669019,-0.1638237836202992,-0.26615308835123724,0.15948094005553645,-0.15948242913321153,-0.1995071878402253],[0.08086017373766322,-0.12889312854330873,0.03003771665286162,0.03930384601742012,0.014989523523655313,0.06068224860468663,0.16418022417549105,0.3372173406105255,0.36774454081468116,0.3351951020259498,0.3698406881323806,0.8016801437222284,0.9601181841849958,0.6775156255456927,0.8857309251049279,-0.08282884186666986,0.3800701851220766,-0.2803112836126114,0.9929842034585231,1.0,0.8116432215914725,0.9946210281122863,-0.10522281554375354,0.10989953171801384,0.030587098079942435,0.08347641688558903,-0.01962171851625787,0.0836285713319652,0.08259083926278395,0.9681089930835975,0.9709256207545733,-0.10140837053728242,0.9661073259683834,0.9875064292132607,0.5387257429294136,-0.4632812731285794,0.563688186775553,0.5961020791367105,-0.3497095918440194,-0.16993043648126818,-0.26543767092322007,0.18722082447550417,-0.18722266331626383,-0.1892885182648337],[0.009674268791366548,-0.01774822392953027,0.012244129837041475,0.10568317305406952,-0.030033823448697976,0.0777322396914762,0.11857764383786143,0.1828423889119901,0.20358602671392573,0.26643834745302497,0.2011868580471032,0.726171446024671,0.8009749921652348,0.764845850866279,0.8111574485637264,-0.11377964457260022,0.133202263444047,-0.03740725324583387,0.8068699621707779,0.8116432215914725,1.0,0.8110897579426383,-0.20932723139391668,0.0871401907967713,0.40473867468105246,0.06283246199035472,0.07446646216692368,0.05298168455283266,0.1482838286631727,0.8167514886939897,0.7975050330198422,-0.02067785923935328,0.835591810444191,0.8109195143307814,0.40513037248992717,-0.23365879530027003,0.3910105394537489,0.5249331207991035,-0.4475985718872787,-0.21622473199647313,-0.3131488549756606,0.2975111943444505,-0.2975101634492512,-0.2570512638906139],[0.07773550305710068,-0.1253846404513399,0.03436529834592091,0.046141020957562874,0.014024880905177072,0.06773896071828353,0.16700685457545728,0.3342826631188916,0.3662808076933687,0.3430904952287271,0.36750934719304784,0.7903328430522955,0.9554091203624416,0.6682153551605425,0.8771015904415236,-0.09166820149175815,0.3823818975225052,-0.27731599809820545,0.9998728225436666,0.9946210281122863,0.8110897579426383,1.0,-0.03757315590796266,0.03505767474564333,0.018757283764335025,0.08376521925456314,-0.019417139823241284,0.08375041656370637,0.08991272823492992,0.9635239500112193,0.9787009760862855,-0.11245166868041839,0.9644316495289024,0.99491709907039,0.5590293410924111,-0.48485225449669644,0.5736081597954887,0.6155664923312647,-0.3471534202620524,-0.1654902611363458,-0.26719621517929437,0.16457921189746383,-0.16458071896232637,-0.19930613521863763],[-0.2627943053397403,-0.023288403661519762,0.02677176468843487,-0.030622736498408788,0.0453343746574679,0.026473310393773458,0.01594220652054389,0.04879806645553328,0.01793682969671061,0.044296339392309876,0.04916301160396664,-0.10178524375093351,-0.07310801374232657,-0.12380572885044111,-0.10176822072974787,0.05844402061564155,0.18449105438084906,-0.20094869265607068,-0.026211861495820485,-0.10522281554375354,-0.20932723139391668,-0.03757315590796266,1.0,-0.941566943111605,-0.5411994268098157,0.16649711972232548,-0.028320338742167633,0.16875116135702678,-0.049359785047616456,-0.06918173076388748,-0.03258717960750517,-0.14762164247695533,-0.07204838224083135,-0.03375647230122364,0.31191082401052406,-0.5347436614136918,0.11683268733849458,-0.09651366000956345,0.3195964384493075,0.2910875867945497,0.20534279163905167,-0.3947651604347621,0.3947492138243571,0.14797174444365452],[0.2383232672963354,0.05071468773890075,-0.04125705496262904,0.0071405859361138874,-0.026576581443353918,-0.022510146223200096,-0.024567311716408677,0.05641631647160448,0.0821905922117339,0.01851330268377773,0.05630281816151808,0.08729716306995203,0.07156759548631644,0.05668653158521656,0.07754682041729626,-0.017824441101804738,-0.08273823061477376,0.09132828119645639,0.024154876665490994,0.10989953171801384,0.0871401907967713,0.03505767474564333,-0.941566943111605,1.0,0.24587711390378694,-0.12978753962525785,0.05325226425044964,-0.13439995336748764,0.006805378515592669,0.056020178344619094,0.02751213862543874,0.09344729497745403,0.05382922155358452,0.02675792120465175,-0.32285982244296474,0.4588345573607718,-0.10836412181275219,0.007080320911336716,-0.1922193674549,-0.21651963645322989,-0.09595676211949483,0.3186287237263174,-0.3186064747627327,-0.08008012096957885],[0.15783377152290123,0.0737472440474637,0.03492577697685101,0.08346092881841616,-0.06947009381688088,-0.01515580623136087,-0.019882925078594266,-0.2552412582643769,-0.2352949472712875,-0.1481424894593206,-0.25767379519848654,0.07407508253099855,0.0341477285608015,0.20341226770323348,0.0938778639384962,-0.11597967767798506,-0.3124656477082674,0.3552305258225121,0.013160956152250294,0.030587098079942435,0.40473867468105246,0.018757283764335025,-0.5411994268098157,0.24587711390378694,1.0,-0.13907902956580487,0.0959974677295753,-0.14900315692388819,0.12164916643897837,0.04696397960877706,0.02833950380327454,0.12704801781111258,0.06408997445716363,0.02816064414742411,-0.08943518438106776,0.41042184597754283,-0.06498075235542251,0.274918307055646,-0.43916299131252,-0.2961501381764417,-0.35016225527617817,0.33934959508402035,-0.33936037715003115,-0.2301265533154522],[0.12963567201548623,0.10017929777234266,-0.010583553774151069,-0.006152605180836692,-0.006354513639654099,0.014909826688845985,0.007285743199650984,0.31599456922803487,0.343311541663856,0.22897182911444394,0.3562151219261248,-0.02805118922191963,0.09126372407279154,-0.08914781505644122,0.004600655225620626,-0.2266294888641784,0.601463429856951,-0.39204770923938836,0.08393374425060816,0.08347641688558903,0.06283246199035472,0.08376521925456314,0.16649711972232548,-0.12978753962525785,-0.13907902956580487,1.0,0.08651486553478027,0.9943624270242215,0.001784551783695429,0.11833805151242846,0.1763701534759636,-0.336909531821739,0.12298994767593724,0.11337045064818357,0.44873737509227446,-0.3405537673528751,0.6890692759613228,0.21866528838308066,0.25056978518459905,0.7195782654993469,0.0990680762172097,-0.013826187739191403,0.013812941547184,0.25727362628254236],[-0.04588966123435281,0.7073019196655127,-0.09318987234548833,0.30831921909728927,-0.07088504270388256,-0.034805832382538225,-0.11838938227759495,0.20193392491457018,0.15312224519934345,0.12424956500217421,0.16595989040291315,-0.04657541629251307,-0.00748381157804389,-0.0568368203746243,-0.04193348199369348,0.002623489762947423,0.08419338431896767,-0.0371719236657301,-0.019169744750458878,-0.01962171851625787,0.07446646216692368,-0.019417139823241284,-0.028320338742167633,0.05325226425044964,0.0959974677295753,0.08651486553478027,1.0,-0.017598533775404837,0.15105399912101888,-0.0382983604584392,0.029216744815370517,-0.2672836930550712,-0.037062798929320045,-0.01469594853838379,0.0013226340207454792,0.07603441918943536,-0.008263217564334256,0.03400334633280873,-0.05586272405591804,-0.04686856450560298,-0.003379034772732178,0.061369794692719346,-0.06137493236867418,-0.06554623601003334],[0.1347982606894417,0.026905348701714786,-4.540069834251353e-05,-0.03781407309411848,1.6907083693119844e-05,0.020223172076897965,0.01921171483717964,0.2955494585687316,0.32802882673512257,0.2163406784775364,0.3395019865988027,-0.02516928118722992,0.09027088165550008,-0.08500359894403037,0.007003843642139482,-0.22892888441716183,0.5950649915735053,-0.3888754158152307,0.08387731776444855,0.0836285713319652,0.05298168455283266,0.08375041656370637,0.16875116135702678,-0.13439995336748764,-0.14900315692388819,0.9943624270242215,-0.017598533775404837,1.0,-0.013891524675254402,0.1203779737271715,0.17117202282044455,-0.3099093149728533,0.1250090257230399,0.11295251751132708,0.4482027778416821,-0.3478116678621628,0.6922415648998271,0.2167095545975368,0.2642867486681931,0.7276456579794278,0.09791999797580403,-0.01952102064732416,0.01950838313977543,0.2652412523341551],[-0.03051867977358328,-0.00840126493599496,0.03705507307394414,0.1425358740431251,-0.008839823975055722,0.047097713206267475,0.0252305061416457,-0.05191803485344271,-0.04504053093230623,-0.06854024539271633,-0.05485773087750584,0.11844913910978144,0.10205672420662898,0.12562888644810213,0.12075864704116801,0.03929749237703965,-0.06400815738020245,0.02875407789703102,0.09009889886395403,0.08259083926278395,0.1482838286631727,0.08991272823492992,-0.049359785047616456,0.006805378515592669,0.12164916643897837,0.001784551783695429,0.15105399912101888,-0.013891524675254402,1.0,0.10690594230142379,0.10257757731204885,0.008801426883402744,0.09758911838013432,0.09048261684855673,0.044995826694576045,0.005533302071532758,0.036133886665093255,0.12394682502456421,-0.13891429430579388,-0.10479236862158746,-0.1423293882102102,0.09302440349909039,-0.09301010733439151,-0.029970454820645993],[0.021392451002866682,-0.14479136674373266,0.03723543583479944,0.029622403995060803,0.029253366436888716,0.059039569820658125,0.17435776213976314,0.357009684170967,0.3556410270894743,0.3156028054833078,0.3698468582503357,0.8178269793652069,0.9627907642301049,0.7368712509259131,0.9090304091935836,-0.11546903916256379,0.3815483417037079,-0.2657834465082438,0.9615844672679122,0.9681089930835975,0.8167514886939897,0.9635239500112193,-0.06918173076388748,0.056020178344619094,0.04696397960877706,0.11833805151242846,-0.0382983604584392,0.1203779737271715,0.10690594230142379,1.0,0.9433987328645027,0.04050424556507887,0.9844055823735159,0.9554986315238475,0.547571827612576,-0.4592604497590191,0.5500032713068713,0.5732967854937258,-0.3153609534940361,-0.14022093256657836,-0.254494483166633,0.17579352792165295,-0.17579682394484303,-0.19486703867949576],[0.1529738487381476,-0.0668569980682565,0.03347150834302366,0.0600002295815987,0.0015953294081090103,0.06692759222433162,0.1399119310289057,0.41861590583508723,0.4607661321917268,0.40668572117192875,0.4553409509034937,0.7011561237232183,0.9197734548351167,0.5871124099607283,0.8067961847061043,-0.15324109223099983,0.46303846474579896,-0.31015138943400183,0.9789556216501715,0.9709256207545733,0.7975050330198422,0.9787009760862855,-0.03258717960750517,0.02751213862543874,0.02833950380327454,0.1763701534759636,0.029216744815370517,0.17117202282044455,0.10257757731204885,0.9433987328645027,1.0,-0.19424366198795334,0.9600643192943502,0.9919255657972957,0.5900294710485177,-0.48764463905641764,0.6553174844632602,0.6763269295026628,-0.33633846384758004,-0.13524064696567284,-0.2575878031516315,0.1911946608905096,-0.19119911620506305,-0.2123057102660799],[-0.06907466455520009,-0.27527026121689785,0.041393306307079145,-0.09509612010964807,0.10276836879206545,-0.006251459014719191,0.07075868245882735,-0.07315175923895773,-0.16839019493219204,-0.08850836623722245,-0.12971589482562018,0.09391385262730736,-0.03780027627637267,0.19280207200660124,0.07170887258516677,0.03840841487807905,-0.27141747570645863,0.2020712310711301,-0.11506482340674566,-0.10140837053728242,-0.02067785923935328,-0.11245166868041839,-0.14762164247695533,0.09344729497745403,0.12704801781111258,-0.336909531821739,-0.2672836930550712,-0.3099093149728533,0.008801426883402744,0.04050424556507887,-0.19424366198795334,1.0,0.0037071743758123475,-0.1470235972707568,-0.34953660086650734,0.2579144959401196,-0.3322118758683144,-0.17766335511478823,0.06720142737595815,-0.0818110218696083,-0.033095825444866236,-0.09188010441648294,0.09189220515766741,0.025732214921238627],[0.04723892273875725,-0.13716276241961922,0.039173774852040016,0.03969433159156033,0.027143983571435513,0.06791106886303908,0.16564815178121786,0.3909087835883619,0.39835421282586736,0.3588906114657386,0.4039055589956397,0.7655713736450882,0.9406286333536514,0.7170202275953425,0.8744315173375153,-0.1782744240200986,0.389735745683538,-0.23308136890288922,0.962731101713206,0.9661073259683834,0.835591810444191,0.9644316495289024,-0.07204838224083135,0.05382922155358452,0.06408997445716363,0.12298994767593724,-0.037062798929320045,0.1250090257230399,0.09758911838013432,0.9844055823735159,0.9600643192943502,0.0037071743758123475,1.0,0.9670119112340354,0.5377327576008354,-0.43787433627155387,0.5816358726100778,0.6290389180581606,-0.3309632250925572,-0.15566879708915937,-0.25902662295139706,0.1648232985509934,-0.16482372095865572,-0.24745202316373419],[0.11656187097700772,-0.10870711257853735,0.03415062537801695,0.04854718627304327,0.0036547758378342034,0.06595849032054085,0.15464250584719,0.36551993795501475,0.4051251963442199,0.37605689110252166,0.4016697447885485,0.7460346212534059,0.9386555359527261,0.6339792166299366,0.8442237179780834,-0.1281742891155238,0.4136228653215569,-0.2823367009171934,0.9950317421435727,0.9875064292132607,0.8109195143307814,0.99491709907039,-0.03375647230122364,0.02675792120465175,0.02816064414742411,0.11337045064818357,-0.01469594853838379,0.11295251751132708,0.09048261684855673,0.9554986315238475,0.9919255657972957,-0.1470235972707568,0.9670119112340354,1.0,0.5732791271059282,-0.48083588653723114,0.6137802749501257,0.6562397609342339,-0.35385212696972734,-0.16073015739570493,-0.26710102576232975,0.18043322920115804,-0.1804353840534436,-0.2178485803662717],[0.05851149298974106,-0.05917453695804189,0.028650488978677308,0.04243298437021127,-0.00511602406313628,0.05179487368646895,0.11362917369270115,0.28021279776650615,0.3237082310430232,0.30275618481664496,0.3374326010702296,0.38088334222117276,0.5287592635583857,0.209690947306073,0.4229865786516376,-0.08158964489711516,0.5525338961021786,-0.437810222014543,0.5618518175129261,0.5387257429294136,0.40513037248992717,0.5590293410924111,0.31191082401052406,-0.32285982244296474,-0.08943518438106776,0.44873737509227446,0.0013226340207454792,0.4482027778416821,0.044995826694576045,0.547571827612576,0.5900294710485177,-0.34953660086650734,0.5377327576008354,0.5732791271059282,1.0,-0.6637909783466743,0.686998860046306,0.45900613223278536,-0.08201860359114907,0.293718386901547,-0.05852149768476742,0.003779972762843326,-0.0038351466785901222,-0.06174445578647319],[0.017763823262383866,0.13315668710867504,-0.026817081677693682,0.015402729387605141,-0.04992734722805254,-0.07613144936848547,-0.11791561035577285,-0.33275226497003657,-0.3640911253971506,-0.3496320528991499,-0.4047064730628237,-0.3518991684903802,-0.46208601031043994,-0.13078952358703316,-0.36398106426019594,-0.1181016940187127,-0.5833587168195841,0.5938543451350513,-0.4890756533796666,-0.4632812731285794,-0.23365879530027003,-0.48485225449669644,-0.5347436614136918,0.4588345573607718,0.41042184597754283,-0.3405537673528751,0.07603441918943536,-0.3478116678621628,0.005533302071532758,-0.4592604497590191,-0.48764463905641764,0.2579144959401196,-0.43787433627155387,-0.48083588653723114,-0.6637909783466743,1.0,-0.48757849089993527,-0.053919447240397315,-0.25840304345351156,-0.42613830831878746,0.04910063489456243,0.24883109532659958,-0.24879318500737796,-0.26782896038784315],[0.2362831692144688,-0.04942342274544366,0.02890029352851318,0.016083590310897112,0.022115139906302147,0.051451311292239066,0.09387833495555035,0.4161696374516598,0.4920722030850895,0.32930058234523363,0.47276182353870416,0.2480693809919852,0.5043002789695057,0.1164271553594769,0.3379926549229869,-0.3347194210249646,0.7282421254098935,-0.43931540127870466,0.5752442853579719,0.563688186775553,0.3910105394537489,0.5736081597954887,0.11683268733849458,-0.10836412181275219,-0.06498075235542251,0.6890692759613228,-0.008263217564334256,0.6922415648998271,0.036133886665093255,0.5500032713068713,0.6553174844632602,-0.3322118758683144,0.5816358726100778,0.6137802749501257,0.686998860046306,-0.48757849089993527,1.0,0.790861614357508,-0.3447678386742619,0.3125480359742873,-0.2816714826733844,0.11993765628124449,-0.11996052286757665,-0.03535514934018289],[0.22039264807048242,-0.0350081254492879,0.06676126132186358,0.05225602535155786,-0.002204758519772261,0.01284686255759897,0.06050753895468301,0.27106029039472296,0.3302388489648619,0.25818203931913003,0.28172901109382137,0.2598444151515489,0.5081678768607464,0.3116051222038812,0.39369390706564483,-0.41725895370622446,0.3218170681100432,-0.007388874580990225,0.6174596006136718,0.5961020791367105,0.5249331207991035,0.6155664923312647,-0.09651366000956345,0.007080320911336716,0.274918307055646,0.21866528838308066,0.03400334633280873,0.2167095545975368,0.12394682502456421,0.5732967854937258,0.6763269295026628,-0.17766335511478823,0.6290389180581606,0.6562397609342339,0.45900613223278536,-0.053919447240397315,0.790861614357508,1.0,-0.5552908140611067,-0.33943939240256,-0.45036636206382136,0.3530636701398191,-0.3530696252636013,-0.5214528188545533],[-0.02996608724365035,0.006745920484900322,-0.02650353060996442,-0.07714165305794747,0.03842223999107711,0.01914894630926942,-0.05240910970167958,0.24210621088186218,0.20013993514677078,0.25920551265377834,0.2544928161491055,-0.29671597878277345,-0.33954846696295027,-0.33663713376694815,-0.3427627237001348,0.220981928001484,0.11692150920177136,-0.24157247640617985,-0.3446757500669019,-0.3497095918440194,-0.4475985718872787,-0.3471534202620524,0.3195964384493075,-0.1922193674549,-0.43916299131252,0.25056978518459905,-0.05586272405591804,0.2642867486681931,-0.13891429430579388,-0.3153609534940361,-0.33633846384758004,0.06720142737595815,-0.3309632250925572,-0.35385212696972734,-0.08201860359114907,-0.25840304345351156,-0.3447678386742619,-0.5552908140611067,1.0,0.8533725051766704,0.6957370760613569,-0.4291166874235385,0.4290810691702631,0.3760483465620579],[0.08812515593037042,0.0028623423774252325,-0.024164736872161995,-0.054828206305517296,0.02504016300575353,0.03576933484299773,0.007170969098901414,0.2593283957883493,0.27919639230524435,0.3263469281969333,0.32269690470747897,-0.1737925059885997,-0.16082623378375963,-0.2788221135769981,-0.20606878457739736,0.008740723419096702,0.463216084143239,-0.4173498325663659,-0.1638237836202992,-0.16993043648126818,-0.21622473199647313,-0.1654902611363458,0.2910875867945497,-0.21651963645322989,-0.2961501381764417,0.7195782654993469,-0.04686856450560298,0.7276456579794278,-0.10479236862158746,-0.14022093256657836,-0.13524064696567284,-0.0818110218696083,-0.15566879708915937,-0.16073015739570493,0.293718386901547,-0.42613830831878746,0.3125480359742873,-0.33943939240256,0.8533725051766704,1.0,0.3412908075785196,-0.27587871678339027,0.2758118719954033,0.45489586772663343],[-0.037858623252504005,0.05091358979044048,-0.038223480648857604,-0.049913692656907094,-0.02593957900001348,-0.018441295159584238,-0.06662336249148723,0.1515209136863832,0.0919998411347383,0.15204479314342337,0.13642851274216006,-0.2272209728772577,-0.26506931492227126,-0.2345750259356873,-0.2588745895666759,0.1742946810414643,-0.03361071798636552,-0.07830909919958375,-0.26615308835123724,-0.26543767092322007,-0.3131488549756606,-0.26719621517929437,0.20534279163905167,-0.09595676211949483,-0.35016225527617817,0.0990680762172097,-0.003379034772732178,0.09791999797580403,-0.1423293882102102,-0.254494483166633,-0.2575878031516315,-0.033095825444866236,-0.25902662295139706,-0.26710102576232975,-0.05852149768476742,0.04910063489456243,-0.2816714826733844,-0.45036636206382136,0.6957370760613569,0.3412908075785196,1.0,-0.310429676096471,0.3104142784448267,0.18874491225384638],[0.21444282013625082,0.08310334591054068,-0.05670950315277311,0.03272964542540741,-0.12161427052610799,-0.037731730778834224,-0.00953009652830377,-0.19077535583065464,-0.15414039924746492,-0.16443236524395224,-0.178898431801781,0.19541505025189218,0.1797530237626096,0.26235084756979077,0.21879233555703936,-0.010003895989402184,-0.1546187427982891,0.1365247268808998,0.15948094005553645,0.18722082447550417,0.2975111943444505,0.16457921189746383,-0.3947651604347621,0.3186287237263174,0.33934959508402035,-0.013826187739191403,0.061369794692719346,-0.01952102064732416,0.09302440349909039,0.17579352792165295,0.1911946608905096,-0.09188010441648294,0.1648232985509934,0.18043322920115804,0.003779972762843326,0.24883109532659958,0.11993765628124449,0.3530636701398191,-0.4291166874235385,-0.27587871678339027,-0.310429676096471,1.0,-0.9999999763556712,-0.3482726492209857],[-0.21442871343526942,-0.08310786616783974,0.05670569325012178,-0.03273086060218596,0.12160511131334946,0.03773424101471204,0.009526713048935598,0.1907805909465346,0.15413942317504747,0.164421882344596,0.1788974018238064,-0.19541273701991832,-0.1797566290219654,-0.2623427858944827,-0.21879077857106355,0.01000983982085477,0.1545953373690606,-0.13650846178998588,-0.15948242913321153,-0.18722266331626383,-0.2975101634492512,-0.16458071896232637,0.3947492138243571,-0.3186064747627327,-0.33936037715003115,0.013812941547184,-0.06137493236867418,0.01950838313977543,-0.09301010733439151,-0.17579682394484303,-0.19119911620506305,0.09189220515766741,-0.16482372095865572,-0.1804353840534436,-0.0038351466785901222,-0.24879318500737796,-0.11996052286757665,-0.3530696252636013,0.4290810691702631,0.2758118719954033,0.3104142784448267,-0.9999999763556712,1.0,0.3482616618285879],[0.10892898224288122,-0.06531696372888786,-0.004791907658137789,-0.0383501242386236,0.03038900181568741,0.021428755856683454,0.020320688624773965,0.014160030726097941,0.0332388872951037,0.06492277034709797,0.0830939672160812,-0.06841515052351083,-0.14625751625240882,-0.33671701493652834,-0.1740779668602765,0.3098418157088375,0.23288909278002776,-0.4011641652322437,-0.1995071878402253,-0.1892885182648337,-0.2570512638906139,-0